99
98
118
118
115
120
122
106
102
101
97
120
101
112
110
117
100
99
114
108
116
104
107
100
101
118
122
116
104
109
103
107
101
110
109
104
108
105
102
118
106
122
111
109
118
122
115
116
97
106
109
113
105
114
98
107
112
103
108
97
105
107
114
116
103
117
100
111
99
122
107
100
117
100
116
107
112
111
114
118
122
121
119
106
101
118
122
102
102
103
109
98
102
102
114
99
100
103
106
113
110
103
109
112
102
112
106
116
100
100
99
97
110
104
120
107
118
122
105
112
113
110
121
97
107
112
107
101
116
109
115
121
106
108
99
114
113
115
101
113
102
102
101
104
120
122
106
116
119
112
107
104
122
117
102
100
121
104
114
113
100
110
114
106
104
100
100
114
105
122
118
114
112
117
117
114
120
112
100
115
111
115
113
110
106
103
118
120
99
104
118
118
100
106
99
120
101
117
108
122
102
118
101
122
102
102
101
116
99
122
107
113
120
99
97
108
119
118
101
113
100
109
98
115
100
115
118
105
97
118
118
107
108
111
107
119
115
112
110
104
101
109
118
111
98
117
114
107
118
120
109
121
109
110
116
106
121
97
106
98
116
115
102
118
100
121
118
108
100
102
102
103
107
114
120
114
115
121
117
98
103
105
100
114
97
119
98
107
102
116
102
108
103
104
105
98
109
110
117
119
121
102
99
120
118
104
117
101
120
120
116
118
106
113
101
99
117
106
99
118
117
118
119
105
98
112
103
120
101
112
116
107
99
110
121
103
100
103
99
106
102
106
104
117
118
107
99
105
115
110
119
100
111
111
115
110
115
116
107
113
116
101
116
102
116
104
106
118
102
98
107
121
117
98
108
111
114
97
119
120
116
111
117
111
108
106
115
97
122
98
122
109
112
109
121
114
118
101
118
109
110
111
105
113
100
109
99
110
118
111
100
118
103
112
105
113
114
106
109
100
116
107
102
115
120
107
113
98
122
102
118
114
107
114
110
100
115
120
105
108
119
99
118
110
111
117
99
100
102
115
112
117
111
98
103
109
100
103
105
101
121
113
115
119
115
114
109
97
98
117
111
100
120
99
120
106
118
99
115
120
113
105
106
111
103
109
100
108
106
122
100
108
118
105
101
102
112
109
120
101
98
101
108
107
118
99
104
107
101
97
111
105
121
122
107
105
121
111
120
102
104
110
109
99
98
99
110
109
119
105
121
106
110
112
108
109
113
115
105
98
121
121
102
119
98
112
119
115
98
121
104
107
102
101
120
119
101
109
120
104
100
112
98
99
119
98
101
104
103
115
99
108
108
100
109
119
100
114
117
108
117
118
106
111
107
113
104
112
97
116
120
107
111
98
122
117
103
105
111
106
107
114
105
115
111
113
113
111
107
98
111
99
118
116
107
113
112
120
101
107
108
102
103
114
115
104
118
119
120
111
114
116
117
108
106
115
100
97
115
109
102
98
119
121
101
120
107
112
119
117
110
119
118
109
121
114
115
98
111
114
108
97
109
104
113
105
108
119
101
110
102
120
100
111
117
109
108
105
104
105
114
105
108
111
101
106
111
98
109
109
119
97
119
99
118
101
103
99
102
107
106
104
100
116
113
114
97
109
97
120
117
114
101
114
112
120
100
121
116
98
116
98
121
109
111
115
99
111
97
111
109
113
98
102
97
112
116
106
110
99
97
120
109
120
120
101
102
100
116
109
98
121
105
99
114
113
109
115
111
114
115
101
103
117
107
109
109
97
98
112
105
110
122
109
119
102
104
113
100
110
98
104
98
100
121
102
105
115
119
117
106
122
114
98
98
115
110
97
118
99
98
109
115
107
101
120
97
117
100
99
109
99
121
98
111
107
120
108
121
105
117
109
115
117
116
102
106
101
101
111
121
103
109
121
105
101
118
104
103
116
111
105
117
102
112
104
99
101
107
102
110
115
107
108
122
120
100
120
109
100
116
106
112
107
104
104
99
121
122
110
99
110
118
103
110
114
116
99
122
104
117
115
103
97
99
98
113
113
110
106
108
111
101
102
116
98
108
104
116
102
106
105
111
113
97
121
112
122
113
122
97
120
103
115
115
116
100
100
120
99
114
118
104
101
105
102
105
100
104
112
122
106
108
120
112
108
100
110
108
97
117
107
100
117
114
104
120
120
106
122
121
114
122
112
116
117
115
108
122
110
98
122
121
119
119
105
119
102
109
115
122
109
103
119
114
111
118
120
120
116
102
118
101
114
109
112
118
110
100
107
109
104
111
106
113
103
104
114
117
113
