120
109
104
79
68
68
115
73
48
108
50
105
114
72
54
122
53
122
103
65
87
119
87
81
71
66
81
50
77
108
48
48
69
76
70
78
90
57
121
54
51
102
90
117
83
82
67
112
81
88
80
122
118
80
114
117
87
120
77
104
98
71
107
108
114
111
54
84
52
55
86
107
85
69
48
49
118
71
55
52
82
86
56
115
113
101
69
119
55
115
109
66
78
101
102
86
66
76
85
117
83
90
113
83
114
80
65
103
101
55
100
78
56
89
107
104
97
113
97
56
109
81
97
99
68
74
56
57
102
52
78
117
82
99
98
121
88
118
50
116
72
81
118
90
108
77
54
114
51
77
112
105
112
105
121
84
87
115
53
66
89
55
73
55
74
52
73
104
49
103
67
84
119
90
112
57
117
121
100
71
108
74
72
121
67
74
51
72
119
49
90
83
103
110
97
120
108
119
69
74
84
73
98
103
79
100
79
119
98
98
97
90
105
107
116
100
108
53
115
112
120
99
117
49
116
68
75
68
51
49
82
111
122
67
54
85
90
82
81
81
73
108
111
74
48
104
103
74
73
116
52
106
107
68
117
50
97
85
101
54
81
75
50
49
120
69
122
98
117
54
100
78
67
78
117
122
56
56
84
72
54
69
76
81
118
121
109
119
112
66
55
117
81
72
79
121
90
88
104
106
68
103
99
52
97
65
122
88
69
51
80
86
48
119
113
112
88
69
85
56
97
103
49
99
83
86
71
78
104
104
87
98
105
50
73
122
57
49
82
122
97
80
113
115
51
112
112
113
54
84
118
84
105
54
50
68
98
79
81
90
75
111
72
48
106
89
67
83
103
115
55
116
119
50
73
77
88
104
79
104
72
68
87
80
84
69
118
70
113
53
108
110
86
70
97
102
112
84
115
67
121
66
104
122
50
72
53
74
50
102
117
100
76
102
110
120
78
111
49
97
97
109
118
81
114
80
71
119
115
88
88
76
75
117
73
106
73
78
72
118
88
80
56
82
56
102
75
109
80
79
87
103
87
85
122
68
77
111
49
118
84
50
54
57
103
69
118
65
81
112
50
120
108
85
86
81
83
90
75
72
78
77
71
66
67
122
68
89
88
53
48
110
119
74
120
109
51
50
83
68
107
104
112
80
113
106
76
73
76
90
56
115
122
48
119
86
82
78
65
49
97
72
54
110
107
78
57
82
57
79
121
121
84
89
119
115
79
117
112
51
73
84
88
76
55
54
112
74
67
112
75
113
117
53
112
89
54
82
74
67
48
72
101
99
51
118
56
76
99
97
99
81
100
49
66
90
113
70
81
120
104
68
57
73
77
84
119
48
68
100
79
80
99
52
87
107
66
107
66
76
113
102
114
55
65
66
55
72
113
104
76
72
57
70
117
102
56
102
65
52
57
74
87
75
56
55
106
106
79
112
74
104
67
74
90
107
84
52
116
104
85
55
84
75
88
83
65
119
97
84
73
86
65
83
115
79
79
104
116
116
78
103
71
120
107
106
88
103
85
70
51
72
70
113
52
121
77
84
51
48
98
112
90
101
50
57
115
97
52
78
87
68
90
80
108
119
114
53
84
71
77
88
102
79
75
73
112
89
119
75
119
105
82
98
101
122
99
49
77
51
52
97
67
85
50
89
111
52
74
57
77
117
66
112
72
76
49
65
73
76
103
72
68
85
85
72
76
111
83
65
57
74
51
116
117
53
85
112
121
77
102
79
115
78
119
114
101
110
77
82
72
107
108
79
69
111
116
118
112
98
51
76
53
117
117
85
113
71
100
48
104
57
110
52
112
110
73
54
73
68
115
79
113
101
52
112
74
48
98
120
72
106
98
110
103
103
113
78
98
86
118
102
89
103
100
70
53
49
77
68
49
57
90
122
87
85
109
67
86
113
113
76
86
50
70
81
57
73
120
48
121
83
106
75
102
49
82
120
116
71
122
84
105
74
87
77
50
107
120
111
106
66
78
48
115
113
89
48
53
65
81
110
54
84
121
83
101
115
120
66
98
118
52
110
82
73
70
67
49
104
104
57
68
76
86
119
69
101
78
75
114
122
52
83
89
84
49
86
55
80
66
110
77
119
68
84
68
52
73
119
106
110
108
106
53
49
105
71
52
90
78
109
115
67
50
110
87
109
76
116
69
122
50
119
98
101
108
84
48
69
120
108
115
118
101
49
49
83
69
71
110
85
72
117
85
68
56
73
77
121
56
112
72
70
90
111
109
83
111
110
70
66
78
82
114
112
78
48
89
107
