118
78
101
66
115
112
86
67
72
81
77
67
89
117
71
121
122
87
111
117
104
66
108
103
89
118
79
66
121
107
122
100
66
114
85
72
89
83
67
66
70
109
120
77
66
107
86
70
115
71
72
69
98
71
121
88
107
105
86
111
83
74
121
119
68
70
88
97
121
71
116
81
101
117
101
89
119
116
105
68
112
65
111
79
115
83
108
116
122
108
106
78
121
99
115
83
90
70
85
106
98
82
109
83
119
100
114
118
106
115
100
120
114
120
120
84
72
71
117
121
80
121
103
122
81
66
68
84
86
66
104
78
102
103
108
99
72
102
113
82
84
75
104
89
89
121
104
104
77
104
81
116
89
103
114
71
72
82
107
74
69
108
102
112
103
101
77
67
116
79
112
111
97
110
87
119
97
69
73
66
99
117
102
65
80
114
84
121
85
67
72
97
83
109
69
82
80
105
86
115
118
103
117
82
120
112
90
87
107
84
71
72
87
79
88
89
87
113
107
85
118
80
88
110
107
85
84
86
81
88
75
111
111
77
70
118
77
118
113
117
101
120
111
87
122
117
76
81
110
83
99
76
76
87
88
74
114
99
116
83
68
105
75
89
88
99
115
77
98
86
77
115
103
87
87
103
103
81
76
73
77
117
67
107
101
79
75
101
68
75
76
80
104
74
80
83
104
83
114
68
100
118
98
97
114
82
98
115
108
76
79
120
101
100
112
79
121
76
70
103
109
74
89
112
113
77
109
77
89
118
87
68
104
81
67
81
75
72
76
115
78
82
117
106
111
84
113
75
115
102
89
104
78
117
65
85
100
75
111
89
103
114
76
98
112
65
102
75
81
70
90
99
119
111
67
97
72
75
103
99
106
116
87
111
97
69
117
83
107
70
68
120
82
97
104
110
98
116
89
114
74
105
105
108
75
120
122
103
68
97
107
71
106
122
87
77
104
104
67
99
98
104
97
88
87
112
79
87
66
121
68
69
104
120
79
81
122
78
117
120
87
77
70
83
68
80
69
109
70
85
68
73
77
72
97
76
87
114
73
72
115
101
104
78
117
70
71
77
107
110
65
109
82
97
80
79
103
117
77
117
81
78
72
67
87
85
102
82
86
75
71
68
79
75
105
84
66
73
106
116
86
69
117
105
67
115
82
89
84
119
66
98
73
103
100
86
67
103
66
88
87
73
67
116
107
73
76
73
65
73
85
97
122
105
101
85
70
80
68
72
98
110
80
101
76
109
119
69
84
74
120
83
101
90
103
70
120
88
83
73
113
81
69
85
103
118
80
117
87
70
75
112
67
97
118
101
87
81
66
121
77
98
112
70
65
83
105
97
110
75
121
86
68
119
112
102
89
111
74
79
82
115
69
97
83
115
89
84
88
76
89
79
66
83
83
90
90
87
86
71
121
84
73
108
102
67
73
89
121
87
85
80
98
79
116
81
83
117
118
84
116
75
109
116
108
75
110
100
104
105
71
65
101
88
117
106
77
87
66
67
84
71
72
97
86
109
107
88
120
82
98
103
106
86
79
115
74
113
109
78
117
109
102
68
72
115
86
70
111
83
101
121
112
105
80
88
69
120
112
74
113
78
113
66
101
65
116
110
115
100
106
82
106
70
106
119
105
76
101
118
74
85
98
87
73
112
69
112
74
70
98
90
77
79
102
110
122
78
85
111
65
90
88
65
65
99
77
83
112
74
100
72
81
75
99
85
70
73
119
90
74
106
98
116
112
77
70
72
77
79
113
71
89
114
115
78
103
66
85
87
83
98
121
72
111
118
73
87
108
100
65
106
121
72
108
104
74
99
106
89
115
119
104
116
114
84
106
108
68
116
119
73
114
102
107
82
85
75
108
81
114
108
84
120
111
69
116
65
85
122
97
89
121
81
90
85
70
88
84
120
109
107
78
108
113
81
114
113
110
113
85
116
98
109
76
108
103
68
98
103
105
117
89
79
105
69
111
100
84
117
83
114
103
120
102
66
71
65
69
78
119
78
122
122
83
70
72
105
86
87
76
85
107
66
87
77
107
116
111
118
74
117
87
71
71
103
68
74
103
82
67
120
85
83
122
69
107
86
118
71
68
90
115
78
88
98
75
84
65
76
110
75
80
112
68
112
103
67
65
76
90
75
87
78
103
120
101
82
69
120
87
68
75
115
65
117
77
90
99
71
81
78
120
98
79
100
117
85
86
89
81
69
66
78
77
119
66
84
86
109
110
77
87
69
86
105
68
66
108
114
89
97
67
66
110
97
65
101
83
121
