33
87
105
115
102
109
40
38
93
43
106
87
67
57
47
80
104
79
43
109
48
35
106
123
86
43
73
82
120
36
58
78
112
114
67
120
33
120
123
61
40
80
42
47
72
93
103
97
110
44
117
73
103
120
115
89
68
60
75
77
55
119
48
93
34
54
120
107
122
101
123
96
64
124
73
56
92
92
37
112
93
94
40
52
33
100
84
54
52
36
123
107
107
89
87
39
111
40
110
77
45
100
39
76
65
63
116
89
73
86
36
124
85
43
82
118
66
77
66
70
48
123
82
44
77
38
87
103
63
114
51
103
77
72
86
56
42
40
78
67
53
95
115
113
123
91
120
74
123
63
48
74
119
122
50
96
82
93
41
116
48
43
53
84
47
50
76
98
33
59
90
60
80
106
90
94
123
42
93
92
35
123
58
111
110
86
100
43
59
80
59
42
44
88
97
82
80
82
47
83
88
97
37
50
50
74
53
102
69
47
112
96
65
82
97
115
38
106
43
81
40
43
52
109
91
34
108
122
64
76
72
113
67
37
119
82
42
38
107
111
122
55
34
77
62
90
104
87
54
33
59
106
76
49
99
38
89
99
53
110
69
55
90
89
125
96
50
77
110
75
50
56
109
42
80
72
123
90
121
107
48
55
39
43
89
111
83
66
84
99
58
53
39
60
40
70
98
72
45
122
109
92
93
81
49
67
88
74
66
58
119
91
115
89
75
106
125
123
100
123
117
34
92
117
77
69
118
78
117
89
61
50
88
104
118
56
63
82
80
48
50
82
118
39
122
37
41
61
67
110
57
66
90
46
35
57
94
46
111
40
48
81
89
54
69
73
74
50
112
40
122
73
98
86
54
116
121
60
120
89
118
123
121
113
33
116
58
60
40
93
78
109
57
116
89
37
120
48
119
80
39
118
103
37
104
45
46
111
55
43
65
97
94
62
84
97
109
72
93
41
65
72
104
89
96
114
52
88
82
46
38
76
103
125
101
103
58
41
117
121
37
100
54
64
54
89
51
42
91
78
65
68
60
94
91
84
53
34
75
60
61
60
82
52
46
57
117
79
104
58
45
55
100
91
83
56
97
121
124
112
65
33
63
73
46
87
124
62
114
94
95
95
111
73
63
110
41
108
120
116
58
80
65
89
56
74
38
58
109
106
117
124
47
111
64
45
34
53
118
84
39
86
107
60
122
113
54
101
85
58
102
122
77
125
108
121
36
58
61
33
79
123
120
93
79
110
53
68
100
60
44
104
123
104
35
123
103
40
84
51
67
81
75
44
38
105
85
88
120
38
109
86
68
44
80
76
81
40
73
98
101
73
90
57
50
86
88
49
122
104
48
54
42
82
87
75
62
94
110
120
83
66
90
96
112
63
34
112
86
78
114
40
70
88
96
76
95
36
124
97
71
43
106
90
66
86
71
46
38
54
81
59
99
64
119
120
55
122
112
108
44
83
117
43
81
109
40
70
113
77
50
84
125
54
76
60
54
89
98
59
99
47
41
38
63
122
50
68
51
113
72
112
108
66
94
65
33
40
76
78
43
66
66
55
85
125
66
118
124
123
86
106
98
107
88
52
63
76
56
58
69
95
89
52
103
122
84
117
117
83
47
85
59
69
98
41
66
125
99
95
36
56
100
98
38
125
37
104
34
43
116
50
78
77
68
61
56
107
43
66
100
125
123
45
100
114
78
124
79
107
49
67
50
78
105
91
60
45
122
111
85
43
82
59
59
99
95
74
76
87
36
107
107
81
86
118
67
57
80
57
108
76
59
109
41
83
36
82
85
78
50
99
105
118
50
113
47
56
84
107
96
58
71
58
44
76
108
88
49
40
88
115
118
60
52
65
118
106
62
94
121
103
33
53
47
92
103
51
105
110
86
87
79
68
67
65
65
88
72
112
102
122
85
117
79
111
108
95
68
36
50
112
51
118
70
73
45
105
76
82
33
93
74
81
82
80
103
121
123
87
40
90
55
36
55
43
116
48
112
122
120
91
64
122
77
57
99
83
95
52
88
71
40
53
116
87
50
46
59
85
116
96
76
90
86
79
114
122
113
63
84
50
54
119
60
92
88
98
69
33
121
74
80
57
40
88
107
116
104
96
102
81
47
91
110
45
102
78
98
104
99
47
64
100
108
120
60
62
60
68
42
117
76
34
107
44
88
92
91
125
111
97
90
92
116
118
89
125
84
48
111
41
83
55
111
43
47
53
77
72
120
78
39
96
59
58
114
104
91
101
34
55
107
81
109
42
91
49
71
118
