67
65
66
72
70
66
73
80
82
67
74
75
67
68
89
79
89
68
89
77
65
87
90
90
72
81
85
86
65
68
81
75
84
69
69
81
81
76
70
83
88
85
83
73
89
81
74
88
80
81
66
85
80
66
86
70
79
65
67
66
75
75
68
65
86
77
71
78
69
88
65
82
68
72
66
66
85
67
77
69
74
66
76
82
78
90
73
72
68
78
72
65
68
73
69
90
84
86
88
82
77
82
85
71
81
78
65
79
68
89
78
71
73
69
68
84
86
66
66
77
85
83
87
65
89
87
84
66
79
82
85
76
82
83
77
70
67
72
65
74
88
79
80
79
75
76
70
89
88
88
70
72
81
87
65
82
75
72
72
67
81
73
69
68
90
68
70
69
89
90
80
68
70
68
80
70
71
85
90
67
88
77
74
87
90
90
78
65
71
78
67
82
88
83
90
77
88
87
76
80
75
77
75
82
65
84
67
81
80
90
76
73
72
76
72
65
68
77
68
67
85
88
67
76
66
90
86
79
69
83
80
79
78
68
85
87
71
83
67
69
76
86
69
73
84
86
69
69
68
89
71
79
75
90
85
73
66
81
74
82
75
80
85
69
82
76
73
70
66
88
70
71
66
70
69
67
72
84
68
80
78
90
82
83
80
85
78
69
69
66
67
81
86
87
89
79
66
74
67
66
72
85
88
76
79
84
73
83
78
80
85
68
87
84
82
81
66
70
65
83
85
83
69
76
67
74
67
70
82
77
76
88
75
76
73
68
80
68
86
82
74
77
69
89
68
70
77
84
70
84
65
80
89
73
78
87
85
65
88
69
75
88
89
66
75
83
86
66
68
78
90
69
85
82
90
76
76
66
79
79
83
71
75
85
83
85
72
81
79
75
78
88
74
88
80
73
68
84
79
80
86
74
68
84
88
78
65
86
68
83
83
76
78
72
71
70
70
76
75
82
68
65
76
68
81
72
71
73
88
66
72
83
77
68
67
71
76
80
85
77
89
76
68
66
88
74
79
81
76
85
81
77
67
66
68
68
65
78
76
78
66
70
78
82
77
84
78
88
70
66
76
85
80
67
80
82
90
85
83
83
87
71
77
69
71
78
73
65
73
84
68
71
74
75
87
81
68
87
85
86
67
70
90
73
76
83
68
90
72
77
84
76
83
68
89
71
90
69
89
77
78
67
70
66
89
87
84
86
75
82
88
81
89
72
84
90
81
78
89
65
84
68
75
83
90
71
83
68
66
74
65
87
82
78
79
70
65
80
69
81
86
85
89
72
68
84
89
83
70
74
73
74
86
83
81
72
77
68
76
76
79
77
70
67
76
79
70
83
80
81
84
67
84
77
75
73
66
79
82
68
81
90
65
80
88
65
75
84
67
66
83
89
67
67
69
73
80
76
89
72
82
67
72
85
83
68
90
71
89
81
67
85
82
90
89
69
90
83
83
67
72
70
76
77
74
67
74
78
67
80
82
81
70
87
70
83
70
88
85
67
66
89
87
73
72
83
89
66
79
74
83
69
68
85
81
74
84
70
71
76
89
69
88
72
65
76
79
78
77
84
73
78
89
77
83
68
88
82
84
74
85
90
72
81
69
82
67
84
74
85
77
86
87
65
72
67
71
84
90
69
66
77
73
83
67
81
79
67
89
85
79
75
90
82
83
66
86
72
83
79
73
83
75
82
81
83
85
81
83
83
70
76
81
74
71
90
86
85
78
82
77
76
73
84
69
77
85
72
90
83
87
76
67
79
65
69
72
67
84
74
87
79
80
69
75
86
75
75
70
71
74
70
76
72
89
88
89
80
89
67
82
87
89
65
73
73
88
79
87
85
77
72
80
86
65
72
75
70
73
80
83
71
73
77
84
81
90
85
86
86
84
65
74
70
74
77
84
88
78
68
70
66
84
84
86
71
89
76
72
70
67
90
76
74
86
79
82
87
70
65
78
68
82
77
68
76
82
74
77
69
87
88
68
69
89
79
84
67
88
84
69
71
73
68
71
67
86
85
90
71
70
83
82
85
69
71
70
84
90
76
75
71
69
69
87
76
70
74
87
83
89
82
87
90
89
77
87
85
66
69
76
65
66
74
81
70
83
89
88
90
76
71
90
89
90
78
79
70
89
69
85
75
81
76
75
80
83
70
89
80
90
87
79
77
78
69
86
83
75
87
79
73
74
75
68
76
77
87
71
78
74
70
84
72
68
75
80
85
78
74
90
67
76
66
83
81
75
77
89
89
85
75
88
66
73
76
80
74
65
69
